0, 1131.72
1, 1131.06
2, 1134.09
3, 1135.19
4, 1140.72
5, 1130.03
6, 1134.63
7, 1126.56
8, 1139.59
9, 1136.34
10, 1128.34
11, 1143.78
12, 1128.81
13, 1139.53
14, 1143.03
15, 1143.41
16, 1134.75
17, 1135.38
18, 1144.09
19, 1133.03
20, 1124
21, 1118.47
22, 1128.81
23, 1124.5
24, 1103.91
25, 1087.53
26, 1067.53
27, 1042.13
28, 1023.5
29, 1010.91
30, 979.688
31, 950.656
32, 937.594
33, 910.813
34, 874.906
35, 846.813
36, 810.125
37, 791.719
38, 768.156
39, 743.406
40, 723.125
41, 710.656
42, 697.313
43, 683
44, 677.906
45, 663.563
46, 653
47, 626.781
48, 605.781
49, 594.719
50, 551.094
51, 533.5
52, 507.438
53, 490.906
54, 476.125
55, 456.875
56, 443.875
57, 431.594
58, 417.563
59, 405.063
60, 386.969
61, 375.406
62, 377.719
63, 372.688
64, 375.594
65, 376
66, 368.5
67, 366.438
68, 366.563
69, 354.688
70, 359.844
71, 368.156
72, 366.813
73, 360.969
74, 358.844
75, 355.75
76, 365.5
