0, 186.588
1, 178.588
2, 177.088
3, 170.353
4, 181.294
5, 178.647
6, 183.882
7, 179.265
8, 185.529
9, 184.235
10, 185.676
11, 180.824
12, 179.176
13, 181.118
14, 178.235
15, 181.853
16, 184.147
17, 181.029
18, 180.088
19, 182.029
20, 180.588
21, 183.029
22, 181.706
23, 186.471
24, 181.059
25, 182.706
26, 180.647
27, 179.441
28, 185.059
29, 184.971
30, 184.059
31, 184.235
32, 186.529
33, 185.235
34, 183.235
35, 189.265
36, 185.176
37, 182.5
38, 184.029
39, 185.735
40, 191.882
41, 185.941
42, 187.794
43, 194.235
44, 213.559
45, 220.824
46, 260.265
47, 289.588
48, 326.235
49, 361.147
50, 391.765
51, 428.559
52, 437.441
53, 453
54, 462.382
55, 457
56, 451.412
57, 464.5
58, 460.706
59, 463.441
60, 463.706
61, 469.324
62, 461.853
63, 471.971
64, 474.765
65, 463.941
66, 471.088
67, 480.029
68, 467.382
69, 476.794
70, 477.941
71, 474.294
72, 466.706
73, 475.382
74, 472.353
75, 470.176
76, 479.647
77, 475.971
78, 470.706
79, 472.647
80, 469.588
81, 474.618
82, 476.735
83, 470.088
84, 472.706
85, 471.147
86, 472.088
87, 471.676
88, 484.882
89, 482.382
90, 472.382
91, 471.706
92, 477.559
93, 474.147
94, 479.676
95, 474.912
96, 468.176
97, 475.882
98, 474.559
99, 476.088
100, 474.647
101, 477.765
