0, 1488.66
1, 1482.28
2, 1472.28
3, 1476.28
4, 1466.72
5, 1474.34
6, 1474.48
7, 1484.31
8, 1469.9
9, 1468.45
10, 1471.41
11, 1465.17
12, 1476.31
13, 1482.31
14, 1477.03
15, 1466.83
16, 1478.83
17, 1479.31
18, 1474.34
19, 1459.52
20, 1465.55
21, 1468.07
22, 1474.41
23, 1471.03
24, 1465.28
25, 1467.14
26, 1473.55
27, 1465.1
28, 1470.48
29, 1474.9
30, 1479.69
31, 1479.41
32, 1478.9
33, 1471.14
34, 1467.1
35, 1472.76
36, 1458.97
37, 1467.76
38, 1448.17
39, 1448.76
40, 1448.62
41, 1433.86
42, 1428.17
43, 1392.34
44, 1375.72
45, 1342.17
46, 1324.17
47, 1298.52
48, 1257.69
49, 1227.48
50, 1190.17
51, 1130.66
52, 1084.45
53, 1004.24
54, 950.897
55, 890.897
56, 830.931
57, 782.483
58, 753.276
59, 724.724
60, 694.586
61, 670.828
62, 651.138
63, 634.931
64, 611.069
65, 592.276
66, 579.862
67, 550.897
68, 533.207
69, 505.414
70, 495.034
71, 487.448
72, 484.138
73, 477.793
74, 466.621
75, 468.966
76, 455.621
77, 461.069
78, 457.172
79, 464.828
80, 454.448
81, 457.862
82, 446.586
83, 448.517
84, 456.069
85, 452.276
86, 458.241
87, 452.379
88, 453.828
89, 458.172
90, 452.862
91, 458.379
92, 444.207
93, 455.552
94, 449.621
95, 445.034
96, 458.276
97, 448.759
98, 457.828
99, 451.552
100, 453.034
101, 448.724
102, 449.172
103, 453.448
104, 445.69
105, 448.414
106, 448.207
107, 443.414
108, 456.276
109, 449.69
110, 456.103
111, 444.414
112, 449.172
113, 457.586
114, 445.414
115, 442.276
116, 453.172
117, 450.966
118, 440.586
119, 451.414
120, 451.138
121, 444.862
