0, 178.169
1, 177.922
2, 177.029
3, 176.885
4, 176.749
5, 177.07
6, 179.263
7, 177.235
8, 178.593
9, 174.675
10, 179.687
11, 179.136
12, 177.091
13, 177.082
14, 177.782
15, 178.453
16, 179.272
17, 176.979
18, 179.802
19, 177.708
20, 181.65
21, 177.63
22, 181.325
23, 179.498
24, 177.181
25, 179.564
26, 179.206
27, 179.819
28, 180.634
29, 180.033
30, 178.329
31, 177.107
32, 178.42
33, 180.346
34, 177.79
35, 180.144
36, 180.72
37, 178.193
38, 179.226
39, 181.675
40, 180.477
41, 180.23
42, 180.317
43, 179.877
44, 180.564
45, 179.074
46, 182.021
47, 179.58
48, 179.658
49, 178.062
50, 182.667
51, 180.753
52, 179.119
53, 180.704
54, 180.774
55, 181.893
56, 179.498
57, 179.255
58, 180.827
59, 180.28
60, 181.461
61, 182.642
62, 180.473
63, 180.815
64, 183.045
65, 180.395
66, 182.728
67, 181.663
68, 181.634
69, 181.082
70, 184.008
71, 182.428
72, 184.156
73, 182.733
74, 184.259
75, 180.811
76, 182.144
77, 181.959
78, 184.506
79, 183.897
80, 183.296
81, 183.111
82, 183.811
83, 184.399
84, 182.144
85, 184.021
86, 181.967
87, 181.494
88, 183.28
89, 185.712
90, 184.556
91, 185.366
92, 184.206
93, 185.667
94, 185.107
95, 186.025
96, 188.44
97, 187.626
98, 186.547
99, 186.251
100, 185.967
101, 186.379
102, 189.626
103, 188.852
104, 187.79
105, 190.272
106, 190.918
107, 192.3
108, 196.169
109, 194.955
110, 198.601
111, 205.21
112, 213.942
113, 227.798
114, 245.16
115, 267.202
116, 293.444
117, 322.823
118, 354.058
119, 381.103
120, 406.07
121, 421.753
122, 436.942
123, 440.416
124, 445.432
125, 446.58
126, 447.016
127, 449.444
128, 449.391
129, 454.7
130, 455.823
131, 458.852
132, 457.354
133, 456.119
134, 458.79
135, 458.671
136, 457.399
137, 459.416
138, 458.963
139, 459.424
140, 459.852
141, 459.189
142, 461.321
143, 459.605
144, 461.321
145, 461.844
146, 463.852
147, 464.346
148, 462.173
149, 460.086
150, 460.942
151, 462.358
152, 463.695
153, 465.099
154, 460.465
155, 461.687
156, 463.774
157, 465.267
158, 465.008
159, 464.486
160, 462.235
161, 462.42
162, 463.185
163, 462.835
164, 463.008
165, 463.111
166, 461.852
167, 458.128
168, 462.115
169, 462.852
170, 462.041
171, 464.383
172, 460.778
173, 462.292
174, 461.947
175, 461.366
176, 464.494
177, 466.148
178, 461.802
179, 459.922
180, 463.058
181, 462.309
182, 462.317
183, 462.202
184, 461.358
185, 463.226
186, 461.527
187, 463.309
188, 463.691
189, 463.621
190, 461.737
191, 464.053
192, 463.214
193, 463.214
194, 463.588
195, 464.325
196, 466.881
197, 460.893
198, 463.675
199, 461.576
200, 460.329
201, 461.395
202, 464.457
203, 465.428
204, 464.815
205, 465.638
206, 466.572
207, 465.091
208, 464.107
209, 465.399
210, 464.119
211, 465.798
212, 467.679
213, 465.687
214, 465.115
215, 466.152
216, 465.272
217, 464.988
218, 463.51
219, 464.062
220, 463.63
221, 464.909
222, 464.383
223, 465.111
224, 463.737
225, 465.568
226, 464.16
227, 462.737
228, 463.243
229, 462.695
230, 461.679
231, 468.514
232, 460.519
233, 464.794
234, 465.177
235, 462.49
236, 462.971
237, 466.226
