0, 177.683
1, 178.276
2, 177.894
3, 181.154
4, 178.923
5, 179.813
6, 177.894
7, 180.179
8, 178.63
9, 180.736
10, 181.537
11, 181.955
12, 180.171
13, 180.248
14, 177.858
15, 181.427
16, 181.886
17, 181.386
18, 180.386
19, 182.443
20, 177.72
21, 181.764
22, 182.419
23, 183.744
24, 179.837
25, 181.366
26, 180.589
27, 181.382
28, 183.537
29, 184.362
30, 183.289
31, 184.85
32, 183.488
33, 182.244
34, 183.907
35, 185.134
36, 187.252
37, 188.134
38, 190.728
39, 189.984
40, 192.163
41, 193.557
42, 195.74
43, 198.248
44, 208.927
45, 214.724
46, 226.52
47, 242.435
48, 258.667
49, 276.756
50, 299.854
51, 318.447
52, 339.061
53, 358.955
54, 372.776
55, 383.183
56, 392.61
57, 396.272
58, 400.163
59, 400.683
60, 407.098
61, 403.61
62, 405.329
63, 407.35
64, 408.041
65, 412.443
66, 412.98
67, 411.634
68, 414.549
69, 412.386
70, 416.431
71, 412.65
72, 415.687
73, 417.642
74, 414.167
75, 416.256
76, 417.687
77, 417.797
78, 417.988
79, 419.041
80, 419.451
81, 416.854
82, 419.646
83, 416.675
84, 418.744
85, 418.528
86, 421.195
87, 418.585
88, 418.89
89, 421.39
90, 423.341
91, 422.748
92, 422.805
93, 421.996
94, 419.374
95, 421.008
96, 421.167
97, 422.203
98, 421.549
