0, 193.236
1, 193.455
2, 195.699
3, 197.089
4, 195.008
5, 196.049
6, 195.008
7, 195.923
8, 194.439
9, 193.138
10, 193.984
11, 197.35
12, 196.89
13, 195.703
14, 196.87
15, 195.886
16, 194.992
17, 195.358
18, 193.772
19, 195.207
20, 192.122
21, 193.911
22, 197.228
23, 197.809
24, 196.837
25, 197.065
26, 193.593
27, 195.341
28, 197.211
29, 198.801
30, 197.138
31, 198.951
32, 198.85
33, 196.317
34, 198.394
35, 199.15
36, 198.732
37, 198.443
38, 202.337
39, 202.333
40, 203.341
41, 206.85
42, 204.455
43, 206.951
44, 212.224
45, 217.679
46, 230.041
47, 245.033
48, 265.289
49, 287.691
50, 318.406
51, 341.094
52, 366.943
53, 389.195
54, 404.089
55, 412.618
56, 420.768
57, 425.594
58, 427.512
59, 428.634
60, 429.52
61, 428.789
62, 432.053
63, 434.154
64, 434.431
65, 438.585
66, 434.748
67, 433.793
68, 432.813
69, 433.589
70, 436.065
71, 434.317
72, 436.301
73, 438.398
74, 438.415
75, 437.211
76, 437.476
77, 437.715
78, 434.679
79, 438.374
80, 436.203
81, 438.752
82, 433.732
83, 435.748
84, 435.508
85, 434
86, 436.951
87, 430.077
88, 433.374
89, 435.996
90, 433.959
91, 435.159
92, 432.533
93, 431.333
94, 432.817
95, 431.187
96, 431.748
97, 432.52
98, 433.232
