0, 2194.03
1, 2192.72
2, 2179.41
3, 2173.75
4, 2180.84
5, 2168
6, 2157.66
7, 2144.09
8, 2146.25
9, 2143.88
10, 2136.34
11, 2136.38
12, 2126.75
13, 2138.78
14, 2110.25
15, 2103.28
16, 2095.03
17, 2090.75
18, 2057.38
19, 2062.5
20, 2031.44
21, 2032.03
22, 2020.5
23, 1987.94
24, 1983
25, 1972.53
26, 1940
27, 1908.41
28, 1889.59
29, 1835.13
30, 1793.81
31, 1745.47
32, 1685.25
33, 1635.94
34, 1585.31
35, 1531.88
36, 1488.81
37, 1423.84
38, 1381.63
39, 1353.75
40, 1307.22
41, 1303.28
42, 1273.5
43, 1261.41
44, 1244.19
45, 1234.63
46, 1228.34
47, 1226.72
48, 1217.88
49, 1202.53
50, 1198.19
51, 1212.38
52, 1190.53
53, 1194
54, 1188.06
55, 1192.88
56, 1197.41
57, 1190.06
58, 1187.44
59, 1190.78
60, 1192.5
61, 1186.19
62, 1201.19
63, 1198.66
64, 1196.13
65, 1173.81
66, 1185.28
