0, 1539.07
1, 1556.76
2, 1536.79
3, 1552.66
4, 1532.83
5, 1545.76
6, 1542.07
7, 1546.21
8, 1541.86
9, 1537.72
10, 1540.72
11, 1551.14
12, 1527.55
13, 1536.21
14, 1538.34
15, 1552.93
16, 1539.24
17, 1558.48
18, 1549.17
19, 1546
20, 1547.52
21, 1531.55
22, 1538.93
23, 1528.62
24, 1543
25, 1534.9
26, 1554.21
27, 1546.9
28, 1526.59
29, 1542.62
30, 1527.07
31, 1540.41
32, 1531.76
33, 1527.21
34, 1519.97
35, 1516.31
36, 1509.9
37, 1526.97
38, 1501.17
39, 1503.86
40, 1513.55
41, 1492.41
42, 1468.9
43, 1466.31
44, 1452.03
45, 1451.24
46, 1447.38
47, 1432.72
48, 1418.41
49, 1398.24
50, 1368.66
51, 1326.9
52, 1261.41
53, 1186.66
54, 1091.28
55, 1014.28
56, 926.172
57, 828.069
58, 759.517
59, 701.414
60, 646.31
61, 607
62, 585.483
63, 573.172
64, 553.862
65, 543.103
66, 535.69
67, 524.276
68, 509.276
69, 502.828
70, 499.034
71, 485.966
72, 491.517
73, 473.793
74, 478.069
75, 476.414
76, 483.966
77, 474.586
78, 478.483
79, 472.862
80, 481.31
81, 474.828
82, 477.069
83, 467.828
84, 472.345
85, 472.517
86, 474.448
87, 469.828
88, 469.138
89, 478.069
90, 473.897
91, 470.448
92, 468.138
93, 477.586
94, 471.724
95, 475.793
96, 469.276
97, 463.31
98, 484.103
99, 479.483
100, 468.69
101, 472.552
102, 473.138
103, 482.897
104, 477.241
105, 476.517
106, 475.655
107, 476.276
108, 468.828
109, 477.483
110, 474.759
111, 481.276
112, 466.897
113, 464.138
114, 474.759
115, 480.448
116, 475.759
117, 477.034
118, 467.414
119, 473.724
120, 477
121, 478.207
