0, 1515.79
1, 1511.17
2, 1504.48
3, 1500.31
4, 1502.07
5, 1504.83
6, 1507.59
7, 1503.62
8, 1509.9
9, 1507.79
10, 1509.62
11, 1504.31
12, 1505.79
13, 1505.48
14, 1501.76
15, 1522.45
16, 1499.52
17, 1502.31
18, 1503.03
19, 1488.31
20, 1501.38
21, 1498.59
22, 1491.55
23, 1496.79
24, 1503.14
25, 1490.52
26, 1491.03
27, 1491.66
28, 1489.62
29, 1485.48
30, 1473
31, 1490.83
32, 1488.97
33, 1496.28
34, 1485.03
35, 1474.76
36, 1485.93
37, 1491.34
38, 1485.76
39, 1499.45
40, 1502.17
41, 1492.52
42, 1492.45
43, 1486.93
44, 1492.21
45, 1505.83
46, 1488.48
47, 1495.59
48, 1492.03
49, 1493.14
50, 1491.86
51, 1485.48
52, 1485.9
53, 1482.03
54, 1465.69
55, 1469.21
56, 1450.83
57, 1455.93
58, 1442.55
59, 1428.93
60, 1426.38
61, 1394.9
62, 1388.62
63, 1368
64, 1336.31
65, 1305.1
66, 1263.14
67, 1239.45
68, 1182.52
69, 1152.07
70, 1117.45
71, 1063
72, 1011.72
73, 952.207
74, 911.586
75, 871.414
76, 838.69
77, 801.31
78, 768.31
79, 751.483
80, 718.793
81, 707.069
82, 693.828
83, 672.828
84, 645.345
85, 630.655
86, 618.448
87, 593.448
88, 567.414
89, 545.069
90, 520.517
91, 523.414
92, 516.759
93, 506.069
94, 498.207
95, 490.966
96, 498.172
97, 498.655
98, 479.517
99, 484.552
100, 485.172
101, 472.379
102, 479.345
103, 470.897
104, 488.552
105, 480.103
106, 473.379
107, 484.345
108, 478.103
109, 477.276
110, 476.345
111, 477.172
112, 480.379
113, 485.862
114, 481.828
115, 477.828
116, 485.138
117, 477.241
118, 468.724
119, 476.448
120, 468.207
121, 473.138
