0, 391.695
1, 393.443
2, 387.916
3, 393.336
4, 390.023
5, 393.618
6, 391.679
7, 397.321
8, 393.794
9, 394.687
10, 396.321
11, 392.916
12, 396.267
13, 395.939
14, 395.282
15, 397.206
16, 399.13
17, 396.023
18, 399.443
19, 403.618
20, 400.611
21, 405.183
22, 405.046
23, 409.115
24, 410.733
25, 409.55
26, 413.313
27, 412.084
28, 404.939
29, 407.298
30, 414.328
31, 409.969
32, 407
33, 409.183
34, 402.328
35, 404
36, 404.305
37, 407.687
38, 406.626
39, 404.466
40, 407.809
41, 406.992
42, 406.649
43, 407.878
44, 406.832
45, 409.13
46, 408.45
47, 408.198
48, 405.817
49, 410.649
50, 410.534
51, 410.198
52, 410.153
53, 413.931
54, 416.13
55, 422.122
56, 427.153
57, 436.603
58, 454.069
59, 477.802
60, 511.344
61, 555.229
62, 615.527
63, 681.328
64, 758.031
65, 838.084
66, 912.45
67, 988.145
68, 1053.4
69, 1102.89
70, 1140.31
71, 1158.35
72, 1171.74
73, 1170.46
74, 1167.79
75, 1156.16
76, 1151.35
77, 1142.61
78, 1136.14
79, 1132.84
80, 1124.08
81, 1125.23
82, 1117.84
83, 1119.77
84, 1117.13
85, 1116.7
86, 1110.8
87, 1110.25
88, 1109.21
89, 1109.84
90, 1102.31
91, 1102.35
92, 1103.09
93, 1108.42
94, 1105.64
95, 1104.09
96, 1106.13
97, 1108.39
98, 1111.17
99, 1105.55
100, 1110.79
101, 1108.54
102, 1117.08
103, 1116.16
104, 1111.96
105, 1111.56
106, 1116.91
107, 1115
108, 1107.95
109, 1112.11
110, 1113.14
111, 1116.26
112, 1119.37
113, 1108.85
114, 1117.44
115, 1107.5
