0, 341.875
1, 341.25
2, 340.906
3, 344.125
4, 341.063
5, 340.344
6, 348.156
7, 345.563
8, 345.219
9, 346.719
10, 340.469
11, 350.219
12, 338.438
13, 350.719
14, 345.031
15, 348.125
16, 345.406
17, 338.75
18, 343.344
19, 339.75
20, 348.813
21, 342.406
22, 349.625
23, 340.594
24, 345.5
25, 349.938
26, 346.313
27, 343.125
28, 345.969
29, 344.625
30, 343.313
31, 335.063
32, 335.656
33, 326.375
34, 318.844
35, 307.875
36, 304.375
37, 292.875
38, 282.563
39, 274.031
40, 260.156
41, 255.656
42, 244.188
43, 244.125
44, 238.75
45, 234.719
46, 230.594
47, 221.438
48, 215.656
49, 215
50, 216.219
51, 216.625
52, 219.063
53, 212.844
54, 209.719
55, 209
56, 201.844
57, 208.344
58, 208.5
59, 205.594
60, 211.25
61, 206.219
62, 200.219
63, 212.094
64, 205.656
65, 203.906
66, 196.906
67, 193.656
68, 198.406
69, 202.938
70, 198.563
71, 206.281
72, 202.656
73, 202.094
74, 202.063
75, 196.063
76, 199.406
