0, 1127.91
1, 1130.72
2, 1128.5
3, 1121.97
4, 1133.06
5, 1130.22
6, 1126.97
7, 1124.16
8, 1136.94
9, 1129.06
10, 1125.38
11, 1132.47
12, 1129.91
13, 1134.81
14, 1124.63
15, 1136
16, 1131.34
17, 1125
18, 1128.03
19, 1134.94
20, 1125.44
21, 1116.38
22, 1109.75
23, 1095.97
24, 1066.19
25, 1037.06
26, 1007.41
27, 997.094
28, 966.813
29, 948.781
30, 922.656
31, 878.719
32, 862.156
33, 820.594
34, 791.969
35, 774.813
36, 749.594
37, 723.906
38, 725.344
39, 703.813
40, 690.531
41, 681.781
42, 670.813
43, 653.219
44, 632.938
45, 603.406
46, 585.188
47, 549.625
48, 537.188
49, 524.219
50, 498.438
51, 484.563
52, 465.188
53, 446.094
54, 429.688
55, 415.125
56, 401.563
57, 398.594
58, 382.25
59, 381.938
60, 363.406
61, 362.531
62, 371.438
63, 363.438
64, 359.125
65, 365.563
66, 368.969
67, 357.406
68, 363.281
69, 362.25
70, 364.844
71, 367.906
72, 354.813
73, 357.375
74, 352.031
75, 357.344
76, 365.75
