0, 171.457
1, 172.202
2, 170.156
3, 173.362
4, 172.128
5, 169.704
6, 171.996
7, 170.519
8, 171.412
9, 169.671
10, 171.539
11, 172.305
12, 172.288
13, 171.934
14, 170.527
15, 172.333
16, 170.86
17, 171.432
18, 172.432
19, 173.074
20, 172.63
21, 170.3
22, 172.321
23, 172.621
24, 166.959
25, 175.436
26, 170.354
27, 174.634
28, 172.856
29, 174.432
30, 172.638
31, 171.321
32, 171.663
33, 170.556
34, 173.136
35, 173.235
36, 173.588
37, 171.016
38, 170.984
39, 174.897
40, 172.239
41, 171.967
42, 172.827
43, 172.502
44, 173.757
45, 172.765
46, 174.058
47, 171.749
48, 173.082
49, 172.498
50, 175.354
51, 174.926
52, 174.556
53, 174.284
54, 173.008
55, 173.852
56, 173.765
57, 174.206
58, 171.782
59, 173.56
60, 175.42
61, 175.712
62, 173.288
63, 173.37
64, 176.588
65, 174.337
66, 173.7
67, 174.794
68, 174.543
69, 174.807
70, 175.848
71, 174.679
72, 176.551
73, 174.444
74, 175.72
75, 173.3
76, 175.152
77, 175.93
78, 177.967
79, 177.033
80, 174.984
81, 174.214
82, 178.523
83, 175.979
84, 176.313
85, 173.638
86, 175.988
87, 173.675
88, 175.004
89, 178.272
90, 178.922
91, 177.51
92, 177.72
93, 176.926
94, 175.984
95, 179.79
96, 178.193
97, 178.123
98, 178.033
99, 178.235
100, 178.897
101, 179.181
102, 179.325
103, 181.045
104, 180.543
105, 183.037
106, 182.955
107, 182.975
108, 186.774
109, 185.198
110, 188.436
111, 194.342
112, 202.374
113, 214.029
114, 232.123
115, 254.695
116, 281.428
117, 318.045
118, 346.642
119, 376.667
120, 404.975
121, 424.123
122, 438.708
123, 442.021
124, 449.058
125, 449.012
126, 449.831
127, 449.951
128, 451.432
129, 455.996
130, 457.128
131, 460.366
132, 461
133, 459.346
134, 459.235
135, 459.955
136, 459.403
137, 459.679
138, 458.016
139, 464.144
140, 461.132
141, 464.251
142, 463.547
143, 461.333
144, 463.918
145, 464.362
146, 463.848
147, 466.23
148, 462.584
149, 461.033
150, 461.317
151, 463.975
152, 464.329
153, 464.926
154, 461.547
155, 464.827
156, 464.786
157, 465.523
158, 466
159, 464.099
160, 464.136
161, 463.638
162, 463.708
163, 462.926
164, 462.72
165, 463.395
166, 461.765
167, 460.914
168, 463.14
169, 462.132
170, 461.276
171, 461.424
172, 462.716
173, 463.646
174, 462.794
175, 461.601
176, 463.16
177, 462.72
178, 462.733
179, 462.988
180, 462.029
181, 461.099
182, 463.807
183, 461.794
184, 462.243
185, 461.605
186, 464.811
187, 465.086
188, 463.654
189, 463.708
190, 467.63
191, 463.132
192, 463.21
193, 463.206
194, 463.053
195, 461.3
196, 466.646
197, 462.597
198, 461.424
199, 460.412
200, 462.597
201, 464.872
202, 460.922
203, 464.728
204, 463.436
205, 463.963
206, 464.305
207, 464.004
208, 465.255
209, 463.782
210, 462.28
211, 464.848
212, 465.786
213, 464.588
214, 461.313
215, 466.531
216, 462.753
217, 467.218
218, 462.28
219, 463.198
220, 464.864
221, 464.136
222, 464.568
223, 462.469
224, 462.938
225, 464.337
226, 465.848
227, 464.185
228, 462.465
229, 459.481
230, 461.169
231, 466.473
232, 462.251
233, 466.111
234, 463.51
235, 463.469
236, 463.37
237, 463.058
