0, 1443.48
1, 1447.9
2, 1435.52
3, 1424.55
4, 1422.14
5, 1415.59
6, 1434.31
7, 1420.9
8, 1421.45
9, 1419.69
10, 1416.48
11, 1416.03
12, 1414.14
13, 1420.38
14, 1423.34
15, 1419.93
16, 1422.1
17, 1414.9
18, 1429.21
19, 1411.48
20, 1401.93
21, 1406.55
22, 1427.34
23, 1408.66
24, 1415.21
25, 1417.97
26, 1407.76
27, 1412.21
28, 1425.83
29, 1416.07
30, 1416.21
31, 1415.52
32, 1424.62
33, 1419.07
34, 1425
35, 1437.34
36, 1426.14
37, 1430.07
38, 1436.28
39, 1427.34
40, 1425.9
41, 1412.07
42, 1411.38
43, 1415.34
44, 1402
45, 1410.24
46, 1391.69
47, 1372
48, 1375.1
49, 1340.93
50, 1323.45
51, 1284.72
52, 1237.72
53, 1207.9
54, 1143.38
55, 1108.31
56, 1056.79
57, 1016.17
58, 975.138
59, 904.793
60, 864.241
61, 830.379
62, 799.552
63, 771.655
64, 745.138
65, 733.034
66, 718.552
67, 698.586
68, 681.862
69, 653.862
70, 634.931
71, 607.172
72, 578.552
73, 542.103
74, 529.828
75, 508.931
76, 490.448
77, 480.655
78, 482.897
79, 474.724
80, 463.379
81, 464.897
82, 452.207
83, 442.897
84, 440.138
85, 429.483
86, 433.517
87, 427.483
88, 430.552
89, 427.034
90, 427.586
91, 431.517
92, 424.828
93, 425.931
94, 422.966
95, 427.172
96, 423.207
97, 431.345
98, 421.448
99, 427.862
100, 425.828
101, 425.241
102, 426.517
103, 422.759
104, 428.793
105, 439.586
106, 424.414
107, 429.138
108, 422
109, 426.586
110, 424.241
111, 422.207
112, 427.276
113, 425.862
114, 422.828
115, 425.31
116, 424.759
117, 417.793
118, 420.379
119, 420.931
120, 419.655
121, 425.828
