0, 1486.9
1, 1496.72
2, 1495.48
3, 1483.28
4, 1472.21
5, 1493
6, 1495.79
7, 1482.55
8, 1483.59
9, 1487.17
10, 1478.41
11, 1479.66
12, 1489.55
13, 1480.24
14, 1484.86
15, 1492.86
16, 1497.41
17, 1489
18, 1478.24
19, 1479.83
20, 1480.72
21, 1479.24
22, 1476.76
23, 1483.83
24, 1489.17
25, 1481.34
26, 1483.48
27, 1480.21
28, 1491.07
29, 1488.07
30, 1483.07
31, 1483.86
32, 1489.72
33, 1485.79
34, 1487.9
35, 1478.17
36, 1479.28
37, 1474.83
38, 1485.59
39, 1481.86
40, 1489.03
41, 1489.03
42, 1475.79
43, 1480.38
44, 1481.76
45, 1460.41
46, 1465.72
47, 1463.97
48, 1470.07
49, 1456
50, 1445.79
51, 1454.17
52, 1433.07
53, 1421.76
54, 1402.28
55, 1382.59
56, 1327
57, 1253.07
58, 1173.83
59, 1091.69
60, 980.379
61, 874.931
62, 780.138
63, 705.655
64, 646.276
65, 592.241
66, 569.897
67, 554.966
68, 532.862
69, 527.241
70, 516.621
71, 497.379
72, 489.69
73, 477.483
74, 455.897
75, 460.241
76, 445.897
77, 445.448
78, 440.552
79, 440.31
80, 441.172
81, 439.448
82, 446.414
83, 431.034
84, 441.138
85, 424.586
86, 441.966
87, 439.483
88, 435.828
89, 437.172
90, 438.966
91, 433.138
92, 440
93, 436.172
94, 437.483
95, 427.483
96, 431.069
97, 425.793
98, 433.931
99, 439.552
100, 434.103
101, 430.828
102, 437.517
103, 438.828
104, 439.897
105, 432.759
106, 439.897
107, 435.828
108, 430.862
109, 443.517
110, 434
111, 440.586
112, 436.517
113, 426.897
114, 427.931
115, 431.759
116, 436
117, 434.517
118, 433.241
119, 433.207
120, 432.862
121, 437.586
