0, 429.985
1, 432.802
2, 433.809
3, 434.992
4, 431.588
5, 436.496
6, 434.641
7, 435.305
8, 433.191
9, 435.725
10, 433.893
11, 438.565
12, 436.282
13, 439.427
14, 440.481
15, 436.481
16, 436.435
17, 437.977
18, 436.847
19, 441.809
20, 439.046
21, 437.45
22, 445.237
23, 438.435
24, 442.947
25, 444.794
26, 442.099
27, 441.206
28, 442.412
29, 445.183
30, 443.427
31, 445.527
32, 443.962
33, 448.763
34, 445.382
35, 448.374
36, 449.794
37, 451.328
38, 454.153
39, 457.115
40, 463.13
41, 470.824
42, 471.115
43, 480.298
44, 484.649
45, 492.626
46, 497.786
47, 505.023
48, 514.733
49, 528.015
50, 549.145
51, 577.252
52, 613.916
53, 657.679
54, 710.87
55, 779.84
56, 842.282
57, 910.87
58, 974.71
59, 1026.59
60, 1080.88
61, 1115.21
62, 1144.18
63, 1164.21
64, 1177.31
65, 1177.53
66, 1171.32
67, 1165.71
68, 1167
69, 1161.34
70, 1154.41
71, 1143.53
72, 1139.51
73, 1137.13
74, 1137.35
75, 1137.16
76, 1137.21
77, 1131.68
78, 1127.67
79, 1124.67
80, 1119.91
81, 1119.69
82, 1121.66
83, 1119.85
84, 1119.35
85, 1115.21
86, 1115.44
87, 1114.56
88, 1116.08
89, 1112.41
90, 1111.88
91, 1109.59
92, 1110.76
93, 1110.45
94, 1112.92
95, 1117.4
96, 1115.35
97, 1111.97
98, 1115.34
99, 1120.02
100, 1115.41
101, 1117.68
102, 1116.63
103, 1122.42
104, 1119.55
105, 1113.37
106, 1117.2
107, 1121.83
108, 1115.53
109, 1119.07
110, 1122.92
111, 1119.89
112, 1117.38
113, 1119.35
114, 1117.6
115, 1120.02
