0, 2746.81
1, 2744.04
2, 2739.35
3, 2736.84
4, 2733
5, 2723.54
6, 2724.89
7, 2720.07
8, 2714.47
9, 2712.93
10, 2709.75
11, 2703.62
12, 2702.3
13, 2701.24
14, 2692.24
15, 2689.2
16, 2684.61
17, 2681.83
18, 2680.51
19, 2678.38
20, 2675.75
21, 2670.4
22, 2674.65
23, 2668.31
24, 2666.01
25, 2663.47
26, 2660.49
27, 2658.99
28, 2655.4
29, 2649.89
30, 2646.41
31, 2641.71
32, 2640.98
33, 2636.21
34, 2630.63
35, 2627
36, 2621.46
37, 2619.91
38, 2610.02
39, 2608.79
40, 2602.65
41, 2596.58
42, 2590.17
43, 2579.06
44, 2579.75
45, 2576.18
46, 2572.1
47, 2565.68
48, 2560.49
49, 2557.45
50, 2559.56
51, 2549.13
52, 2551.72
53, 2547
54, 2545.74
55, 2537.37
56, 2528.05
57, 2516.45
58, 2500.55
59, 2486.83
60, 2461.78
61, 2437.32
62, 2410.19
63, 2388.18
64, 2356.99
65, 2325.3
66, 2294.72
67, 2267.01
68, 2233.71
69, 2205.63
70, 2183.36
71, 2156.48
72, 2127.15
73, 2106.15
74, 2079.63
75, 2053.45
76, 2021.2
77, 1985.3
78, 1952.57
79, 1912.8
80, 1867.86
81, 1829.2
82, 1789.29
83, 1750.62
84, 1704.58
85, 1672.3
86, 1640.49
87, 1608.74
88, 1585.17
89, 1563.44
90, 1547.83
91, 1533.13
92, 1524.17
93, 1515.17
94, 1509.13
95, 1503.41
96, 1506.62
97, 1500.41
98, 1498.13
99, 1495.69
100, 1492.73
101, 1493.05
102, 1490.13
103, 1485.76
104, 1487.92
105, 1485.69
106, 1479.47
107, 1481.38
108, 1478.27
109, 1481.13
110, 1476.73
111, 1477.16
112, 1476.51
113, 1477.19
114, 1472.86
115, 1473.28
116, 1470.76
117, 1468.46
118, 1466.05
119, 1464.99
120, 1464.1
121, 1467.05
122, 1462.67
123, 1464.13
124, 1459.54
125, 1460.91
126, 1463.13
127, 1461.81
128, 1460.42
129, 1458.18
130, 1459.05
131, 1454.6
132, 1450.17
133, 1458.38
134, 1450.11
135, 1452.52
136, 1452.68
137, 1452.56
138, 1454.13
139, 1452.77
