0, 1081.53
1, 1084.56
2, 1089.5
3, 1085.97
4, 1079.97
5, 1084.22
6, 1080.94
7, 1090.53
8, 1077.28
9, 1092.81
10, 1091.53
11, 1087.75
12, 1091.69
13, 1080.94
14, 1081.31
15, 1070.38
16, 1051.69
17, 1028.19
18, 1015.59
19, 1004.72
20, 966.594
21, 954.156
22, 931.563
23, 905.156
24, 880.156
25, 853
26, 809.531
27, 777.719
28, 753.031
29, 725.125
30, 699.938
31, 683
32, 654.75
33, 654.781
34, 635.813
35, 622.969
36, 615.75
37, 602.313
38, 575.563
39, 555
40, 534.656
41, 501.594
42, 478.656
43, 454.375
44, 432.531
45, 418.25
46, 408.438
47, 385.125
48, 371.063
49, 357.875
50, 336.281
51, 334.719
52, 332.719
53, 317.031
54, 316.063
55, 318.844
56, 313.75
57, 317.781
58, 314.844
59, 308.563
60, 304.281
61, 306
62, 304.281
63, 306.094
64, 308.469
65, 308.719
66, 317.188
67, 306.844
68, 303.5
69, 301.781
70, 300.813
71, 311.813
72, 301.031
73, 306.281
74, 303.031
75, 297.563
76, 306.844
