0, 1418.31
1, 1427.34
2, 1425.93
3, 1416.21
4, 1415.9
5, 1412.52
6, 1428.24
7, 1416.45
8, 1424.72
9, 1425.45
10, 1430.17
11, 1424.9
12, 1432.93
13, 1414.83
14, 1411.52
15, 1406.52
16, 1415.41
17, 1421.21
18, 1422.52
19, 1405.45
20, 1413.66
21, 1404
22, 1415.41
23, 1402.72
24, 1402.66
25, 1405.14
26, 1405.72
27, 1400.52
28, 1404.45
29, 1415.66
30, 1395.38
31, 1413.48
32, 1411.03
33, 1410.03
34, 1408.66
35, 1404.17
36, 1397.79
37, 1390.97
38, 1410.72
39, 1416.03
40, 1420.55
41, 1415.34
42, 1421.48
43, 1422.03
44, 1419.41
45, 1427.83
46, 1429.97
47, 1409.66
48, 1419.48
49, 1389.1
50, 1414.28
51, 1407.31
52, 1391.97
53, 1378.14
54, 1370.97
55, 1337.83
56, 1317.38
57, 1272.52
58, 1251.07
59, 1194.31
60, 1162.9
61, 1117
62, 1056.55
63, 1010.34
64, 959.655
65, 913.069
66, 861.862
67, 817.448
68, 786.276
69, 750.862
70, 721.724
71, 714.448
72, 697.379
73, 678.517
74, 656.655
75, 637.379
76, 615.931
77, 587.724
78, 556.069
79, 527.138
80, 511.034
81, 488.862
82, 475.966
83, 466.345
84, 453
85, 442
86, 443.276
87, 444.241
88, 426.414
89, 420
90, 413.276
91, 421.138
92, 410.414
93, 413.759
94, 408.448
95, 409.207
96, 410.69
97, 409.862
98, 394.793
99, 408.448
100, 402.138
101, 406.103
102, 403.448
103, 400.517
104, 405.448
105, 410.138
106, 409.655
107, 399.069
108, 408.034
109, 398.138
110, 403.103
111, 403.069
112, 405.379
113, 407.069
114, 406
115, 405.931
116, 405.379
117, 401.552
118, 395.276
119, 396.103
120, 400.276
121, 395.621
