0, 1390.26
1, 1388.42
2, 1386.37
3, 1393.65
4, 1390.43
5, 1393.42
6, 1391.95
7, 1392.44
8, 1391.33
9, 1391.76
10, 1392.37
11, 1392.72
12, 1391.88
13, 1390.44
14, 1394.14
15, 1391
16, 1394.51
17, 1395.54
18, 1386.01
19, 1388.15
20, 1388.56
21, 1384.25
22, 1392.99
23, 1392.35
24, 1391.86
25, 1392.46
26, 1388.24
27, 1394.97
28, 1395.95
29, 1386.56
30, 1391
31, 1383.95
32, 1389.74
33, 1386.94
34, 1386.54
35, 1387.06
36, 1387.14
37, 1385.68
38, 1389.07
39, 1387.91
40, 1390.11
41, 1388.77
42, 1387.68
43, 1387.15
44, 1387.17
45, 1384.16
46, 1383.98
47, 1386
48, 1384.1
49, 1381.67
50, 1377.91
51, 1380.4
52, 1381.69
53, 1378.65
54, 1382.34
55, 1380.81
56, 1378.6
57, 1379.14
58, 1383.65
59, 1379.81
60, 1381.81
61, 1377.79
62, 1380.58
63, 1383.19
64, 1379.08
65, 1386.8
66, 1385.7
67, 1377.79
68, 1376.84
69, 1380.8
70, 1377.14
71, 1374.13
72, 1369.94
73, 1375.67
74, 1371.17
75, 1364.21
76, 1374.16
77, 1369.74
78, 1367.67
79, 1366.83
80, 1367.05
81, 1367.86
82, 1366.24
83, 1361.42
84, 1361.84
85, 1363.74
86, 1362.44
87, 1360.49
88, 1355.76
89, 1351.86
90, 1353.46
91, 1346.03
92, 1346.77
93, 1339.23
94, 1335.24
95, 1334.23
96, 1331.78
97, 1331.72
98, 1334.13
99, 1332.35
100, 1332.86
101, 1334.35
102, 1334.7
103, 1336.6
104, 1340.32
105, 1350.46
106, 1352.54
107, 1371.62
108, 1387.16
109, 1406.67
110, 1424.96
111, 1441.21
112, 1435.05
113, 1414.94
114, 1364.9
115, 1290.81
116, 1184.77
117, 1059.69
118, 927.984
119, 787.263
120, 665.494
121, 557.132
122, 472.165
123, 416.514
124, 378.671
125, 358.243
126, 349.675
127, 350.037
128, 349.44
129, 348.222
130, 347.111
131, 345.543
132, 345.288
133, 341.412
134, 342.794
135, 343.14
136, 343.387
137, 342.012
138, 341.877
139, 342.683
140, 341.877
141, 342.852
142, 339.996
143, 338.391
144, 340.103
145, 340.708
146, 344.453
147, 340.407
148, 340.527
149, 338.058
150, 338.992
151, 336.259
152, 335.979
153, 336.605
154, 336.391
155, 333.033
156, 334.214
157, 334.016
158, 336.354
159, 336.337
160, 336.77
161, 332.737
162, 333.634
163, 331.066
164, 334.029
165, 333.938
166, 334.198
167, 330.901
168, 330.045
169, 328.551
170, 331.473
171, 333.012
172, 330.51
173, 331.272
174, 331.296
175, 331.893
176, 329.103
177, 330.263
178, 328.654
179, 330.975
180, 328.663
181, 328.527
182, 329.296
183, 328.342
184, 329.091
185, 327.045
186, 328.469
187, 325.144
188, 324.984
189, 324.922
190, 328.642
191, 329.029
192, 326.514
193, 325.708
194, 325.267
195, 325.189
196, 326.416
197, 326.519
198, 325.239
199, 325.897
200, 326.276
201, 325.123
202, 323.239
203, 324.366
204, 324.922
205, 323.835
206, 320.465
207, 322.284
208, 322.021
209, 320.399
210, 322.457
211, 321.062
212, 322.848
213, 323.099
214, 323.222
215, 319.782
216, 320.617
217, 320.387
218, 320.551
219, 322.23
220, 317.975
221, 320.379
222, 319.7
223, 317.276
224, 319.185
225, 318.947
226, 321.403
227, 317.296
228, 321.498
229, 315.905
230, 318.597
231, 318.642
232, 318.469
233, 318.547
234, 316.333
235, 318.601
236, 319.988
237, 317.914
