0, 494.103
1, 490.897
2, 493
3, 492.448
4, 492.655
5, 492.138
6, 500.103
7, 484.966
8, 500.103
9, 494.31
10, 495.655
11, 490.103
12, 499.069
13, 499.966
14, 492.103
15, 510.276
16, 509.379
17, 502.241
18, 501.483
19, 499
20, 507.759
21, 507.276
22, 504.448
23, 502.172
24, 505.517
25, 508.345
26, 503.069
27, 498.931
28, 491.379
29, 490.655
30, 475.552
31, 468.069
32, 442.69
33, 431.241
34, 412.069
35, 400.862
36, 375.793
37, 357.069
38, 339.69
39, 319.724
40, 303.414
41, 285.345
42, 286.345
43, 267.172
44, 262.207
45, 257.793
46, 254.793
47, 244.586
48, 249.103
49, 250.034
50, 239.241
51, 236.069
52, 239.31
53, 229.793
54, 235.138
55, 226.586
56, 223.31
57, 222.793
58, 224.138
59, 220.793
60, 222.759
61, 221.034
62, 220.276
63, 218.138
64, 216.138
65, 217.897
66, 211.345
67, 208.621
68, 216.931
69, 217.069
70, 217.586
71, 212.069
72, 217.414
