   1.0000000000000000e+00   7.3711858965277777e+05   0.0000000000000000e+00   2.9042504176102648e+03   1.4695064866438770e+01                      NaN
   2.0000000000000000e+00   7.3711858965277777e+05   0.0000000000000000e+00   2.8337701581792439e+03   1.1019255953828633e+01   1.5396917742453303e+02
   3.0000000000000000e+00   7.3711858965277777e+05   0.0000000000000000e+00   2.8200667513463300e+03   1.1236973799582302e+01   8.7890002494988735e+01
   4.0000000000000000e+00   7.3711858965277777e+05   0.0000000000000000e+00   2.8823187361531823e+03   1.3723755665273984e+01   7.6802211576770929e+01
   5.0000000000000000e+00   7.3711858965277777e+05   0.0000000000000000e+00   2.5933552863498512e+03   7.0814260808283507e+00   3.1429746629526466e+02
   6.0000000000000000e+00   7.3711858965277777e+05   0.0000000000000000e+00   2.6033528898337331e+03   6.0143378895954811e+00   1.2047415510796013e+02
   7.0000000000000000e+00   7.3711858965277777e+05   0.0000000000000000e+00   2.5963480969041939e+03   5.8048689365391510e+00   8.6665128431417912e+01
   8.0000000000000000e+00   7.3711858965277777e+05   0.0000000000000000e+00   2.5636753546735958e+03   8.2529082760693200e+00   1.1619072232179676e+02
   9.0000000000000000e+00   7.3711858965277777e+05   0.0000000000000000e+00   2.5770808276644566e+03   6.8575009540431893e+00   9.6867495085753177e+01
   1.0000000000000000e+01   7.3711858965277777e+05   0.0000000000000000e+00   2.5994655326481084e+03   6.3752481059982529e+00   1.5277536797484001e+02
   1.1000000000000000e+01   7.3711858966435189e+05   1.0000000000000000e+00   2.5829579504439143e+03   7.9364268138547232e+00   6.9799380115826096e+01
