0, 179.379
1, 177.63
2, 178.029
3, 179.362
4, 179.259
5, 178.469
6, 180.062
7, 179.551
8, 179.942
9, 177.424
10, 181.012
11, 179.728
12, 180.407
13, 178.918
14, 176.44
15, 179.93
16, 179.638
17, 178.885
18, 178.333
19, 179.959
20, 181.457
21, 180.605
22, 180.811
23, 180.58
24, 177.119
25, 180.23
26, 180.897
27, 180.506
28, 182.041
29, 182.802
30, 181.786
31, 180.992
32, 182.053
33, 179.572
34, 180.942
35, 182.811
36, 180.391
37, 178.288
38, 181.123
39, 183.671
40, 182.041
41, 180.864
42, 181.864
43, 182.477
44, 182.399
45, 181.897
46, 180.819
47, 180.613
48, 181.65
49, 180.44
50, 183.844
51, 183.091
52, 180.366
53, 183.247
54, 180.872
55, 184.025
56, 182.263
57, 180.551
58, 182.877
59, 183.667
60, 182.288
61, 183.502
62, 182.074
63, 182.086
64, 185.872
65, 181.251
66, 182.786
67, 182.642
68, 183.757
69, 184.379
70, 184.107
71, 184.379
72, 185.288
73, 183.465
74, 185.992
75, 182.934
76, 184.449
77, 183.65
78, 187.453
79, 184.955
80, 185.444
81, 185.025
82, 185.078
83, 184.996
84, 184.802
85, 184.654
86, 184.239
87, 181.638
88, 186.247
89, 186.786
90, 185.889
91, 185.395
92, 186.033
93, 185.066
94, 184.926
95, 187.712
96, 188.757
97, 188.823
98, 189.346
99, 189.123
100, 188.041
101, 187.362
102, 188.716
103, 188.922
104, 188.905
105, 189.708
106, 193.012
107, 193.049
108, 196.947
109, 196.473
110, 200.374
111, 206.152
112, 212.728
113, 226.728
114, 242.095
115, 262.955
116, 290.749
117, 326.667
118, 349.979
119, 381.741
120, 407.971
121, 425.436
122, 436.412
123, 440.263
124, 448.021
125, 450.305
126, 449.37
127, 452.037
128, 451.226
129, 455.091
130, 458.49
131, 459.626
132, 460.354
133, 460.86
134, 459.374
135, 460.453
136, 459.416
137, 460.778
138, 461.996
139, 462.975
140, 461.206
141, 464.004
142, 465.444
143, 461.086
144, 466.3
145, 461.502
146, 465.342
147, 463.819
148, 463.198
149, 461.926
150, 463.712
151, 466
152, 464.675
153, 464.358
154, 464.531
155, 464.091
156, 462.942
157, 468.189
158, 468.021
159, 463.173
160, 465.658
161, 463.897
162, 464.757
163, 463.564
164, 463.794
165, 464.695
166, 464.107
167, 461.053
168, 464.058
169, 464.169
170, 463.819
171, 466.716
172, 465.383
173, 460.951
174, 461.218
175, 461.28
176, 465.724
177, 465.687
178, 461.959
179, 463.675
180, 461.049
181, 462.502
182, 462.539
183, 464.074
184, 462.909
185, 463.617
186, 464.556
187, 466.539
188, 463.35
189, 462.658
190, 465.584
191, 464.218
192, 462.198
193, 466.272
194, 462.49
195, 464.309
196, 467.21
197, 463.165
198, 465.597
199, 462.733
200, 462.901
201, 463.605
202, 463.123
203, 465.704
204, 464.379
205, 463.971
206, 463.461
207, 465.72
208, 465.082
209, 466.56
210, 466.547
211, 466.539
212, 466.93
213, 466.152
214, 463.712
215, 464.35
216, 465.251
217, 468.531
218, 463.185
219, 464.576
220, 465.807
221, 466.543
222, 464.84
223, 467.926
224, 463.23
225, 463.535
226, 466.016
227, 463.959
228, 466.136
229, 462.379
230, 466.387
231, 468.605
232, 464.416
233, 463.119
234, 465.975
235, 463.3
236, 465.074
237, 462.564
