0, 1485.72
1, 1476.24
2, 1496.62
3, 1485.45
4, 1485.76
5, 1491.45
6, 1485.41
7, 1486.21
8, 1484.55
9, 1466.34
10, 1474.03
11, 1474.69
12, 1484.9
13, 1477.03
14, 1471.03
15, 1469.21
16, 1482.83
17, 1484.21
18, 1480.34
19, 1481.69
20, 1485.59
21, 1482.28
22, 1472.1
23, 1468.59
24, 1472.69
25, 1484.62
26, 1484.9
27, 1488
28, 1477.97
29, 1482.38
30, 1493.59
31, 1482.86
32, 1490.17
33, 1484.55
34, 1488.28
35, 1463.28
36, 1478.69
37, 1480.52
38, 1475.38
39, 1465.79
40, 1454.38
41, 1459.28
42, 1456.69
43, 1435.1
44, 1426.76
45, 1404.79
46, 1385.17
47, 1375.48
48, 1362.17
49, 1326.9
50, 1300.86
51, 1270.52
52, 1215.52
53, 1182.07
54, 1117.1
55, 1062.9
56, 998.379
57, 946.345
58, 868.966
59, 818.172
60, 768.862
61, 732
62, 698.828
63, 677.138
64, 667.655
65, 642.31
66, 617.828
67, 602.724
68, 579.517
69, 565.621
70, 534.207
71, 512.276
72, 502.897
73, 490.828
74, 478.414
75, 481.759
76, 470.241
77, 473.862
78, 467.621
79, 462.897
80, 465.655
81, 468.138
82, 465.897
83, 447.31
84, 462.034
85, 461.172
86, 454.414
87, 456.241
88, 459.103
89, 453.897
90, 459
91, 449.517
92, 462.655
93, 453.793
94, 458.931
95, 455.31
96, 451.931
97, 453.207
98, 449.069
99, 453.31
100, 451.379
101, 459.276
102, 457.517
103, 452.793
104, 447.069
105, 464.138
106, 455.276
107, 455.828
108, 453.517
109, 452
110, 440.414
111, 467.621
112, 448
113, 459.862
114, 449.793
115, 453
116, 457.276
117, 440.103
118, 458.69
119, 453.931
120, 460.724
121, 451.724
