0, 1065.37
1, 1059.43
2, 1056.06
3, 1076.49
4, 1050.66
5, 1066.94
6, 1062.54
7, 1069.63
8, 1052.8
9, 1057.6
10, 1061.49
11, 1055.77
12, 1054.66
13, 1058.83
14, 1063.57
15, 1065.86
16, 1064.97
17, 1055.77
18, 1069.6
19, 1069.91
20, 1067.06
21, 1076.91
22, 1067.83
23, 1065.14
24, 1066.23
25, 1067.91
26, 1069.74
27, 1059.23
28, 1063.71
29, 1055.03
30, 1066.37
31, 1066.49
32, 1065.11
33, 1072.86
34, 1060.37
35, 1079.29
36, 1065.34
37, 1063.83
38, 1063.8
39, 1061.23
40, 1070.2
41, 1060.77
42, 1068.6
43, 1059.6
44, 1070.37
45, 1077.06
46, 1066.97
47, 1077.46
48, 1067.86
49, 1065.86
50, 1074.03
51, 1076.43
52, 1078.57
53, 1071.97
54, 1066.49
55, 1074.03
56, 1068.63
57, 1076.06
58, 1066.14
59, 1067.69
60, 1076.46
61, 1074.91
62, 1067.51
63, 1065.77
64, 1081.03
65, 1067
66, 1062.97
67, 1087.2
68, 1074.74
69, 1078.17
70, 1061.6
71, 1074.2
72, 1077.37
73, 1067.49
74, 1073.29
75, 1061.94
76, 1065.83
77, 1076.09
78, 1078.14
79, 1068.54
80, 1068.11
81, 1067.97
82, 1078.46
83, 1073.86
84, 1073.54
85, 1069.03
86, 1082.69
87, 1080.4
88, 1065.37
89, 1067.83
90, 1071.91
91, 1072.97
92, 1069.37
93, 1067.4
94, 1076.46
95, 1067.94
96, 1079.77
97, 1078.11
98, 1066.91
99, 1071.66
100, 1087.4
101, 1078.83
102, 1077.57
103, 1078.57
104, 1075.06
105, 1076.43
106, 1062.26
107, 1059.54
108, 1068.31
109, 1070.8
110, 1078.17
111, 1066.51
112, 1065.29
113, 1058.11
114, 1067.49
115, 1065.43
116, 1067.03
117, 1072.17
118, 1073.97
119, 1072.69
120, 1061.83
121, 1070.57
122, 1059.63
123, 1056.71
124, 1059.69
125, 1053.4
126, 1054.86
127, 1057.77
128, 1061.51
129, 1063.91
130, 1065.09
131, 1061.86
132, 1068.74
133, 1073.46
134, 1071.74
135, 1073.83
136, 1073.43
137, 1070.03
138, 1062.46
139, 1052.97
140, 1053.4
141, 1050.34
142, 1042.51
143, 1045.57
144, 1032.14
145, 993.629
146, 946.314
147, 883.714
148, 804.486
149, 714.314
150, 630.057
151, 550.657
152, 492.743
153, 450.4
154, 410.314
155, 380.543
156, 366.286
157, 350.8
158, 331.171
159, 320.743
160, 297.314
161, 285.143
162, 282.286
163, 278.171
164, 276.286
165, 274.4
166, 277.457
167, 264.6
168, 265.371
169, 264.029
170, 264.343
171, 264.857
172, 266.286
173, 270.457
174, 263.4
175, 265.029
176, 263.657
177, 263.571
178, 267.086
179, 271.229
180, 263.543
181, 268.286
182, 268.057
183, 270.657
184, 263.486
185, 263.829
186, 263.714
187, 264.057
188, 254.2
189, 252.771
190, 247.371
191, 255.714
192, 263.4
193, 257.886
194, 258.6
195, 262.514
196, 254.714
197, 252.229
198, 245.143
199, 252.571
200, 251.2
201, 254.143
202, 255.629
203, 250.8
204, 255
205, 255.857
206, 255.314
207, 251.371
208, 251.971
209, 251.143
210, 253.343
211, 248.943
212, 248.686
213, 243.457
214, 250.343
215, 245.143
216, 246.714
217, 243.286
218, 243.571
219, 247.686
220, 243.6
221, 245.571
222, 238.457
223, 247.114
224, 239.857
225, 247.6
226, 241.886
227, 240.8
228, 239.143
229, 246.2
230, 244.571
231, 237.543
232, 242.257
233, 246
234, 235.886
235, 240.4
236, 245.457
237, 236.171
238, 238.514
