0, 667.656
1, 662.75
2, 664.594
3, 659.25
4, 656
5, 673.563
6, 673.469
7, 664.5
8, 678.094
9, 673.031
10, 664.844
11, 669.063
12, 670.625
13, 675.625
14, 662.313
15, 676.875
16, 674.313
17, 672.344
18, 680.438
19, 674.219
20, 683.125
21, 673.906
22, 678.469
23, 678.906
24, 676.594
25, 689.969
26, 673.063
27, 676.656
28, 680.531
29, 681.313
30, 683.219
31, 682.875
32, 666.656
33, 650.406
34, 644.094
35, 630.594
36, 609.375
37, 590.563
38, 567.25
39, 543.281
40, 513.563
41, 491.219
42, 463.406
43, 439.219
44, 420.063
45, 398.594
46, 374.875
47, 348.875
48, 350.156
49, 332.875
50, 325.063
51, 311.625
52, 315.75
53, 302.344
54, 288.531
55, 288.625
56, 271.281
57, 271.438
58, 270.344
59, 253.781
60, 262.781
61, 255.906
62, 252.25
63, 255.531
64, 250.938
65, 242.531
66, 235.406
67, 239.75
68, 235.906
69, 238.375
70, 237.75
71, 240.438
72, 235
73, 232.906
74, 232.875
75, 225.531
76, 228.719
