0, 1082.72
1, 1071.34
2, 1080.22
3, 1078.75
4, 1069.63
5, 1077.78
6, 1073.63
7, 1092.81
8, 1085.09
9, 1079.09
10, 1073.19
11, 1073.44
12, 1083.66
13, 1078.31
14, 1081.41
15, 1072.44
16, 1065.06
17, 1040.06
18, 1024.69
19, 1017.09
20, 973.625
21, 964.25
22, 940.281
23, 924.688
24, 900.625
25, 869.531
26, 831.156
27, 809.563
28, 770.063
29, 750.25
30, 714.063
31, 698.844
32, 676.625
33, 658.594
34, 638.938
35, 636.25
36, 617.406
37, 610.406
38, 600.25
39, 575.031
40, 552.313
41, 522.219
42, 503
43, 478.875
44, 461.188
45, 438.625
46, 422.5
47, 405.188
48, 382.656
49, 369.375
50, 352.031
51, 345.219
52, 331.375
53, 315.281
54, 317.688
55, 314.719
56, 308.219
57, 310.5
58, 305.5
59, 301.781
60, 297.25
61, 299.188
62, 301.469
63, 292.719
64, 299.156
65, 299.875
66, 302.031
67, 290.438
68, 297.5
69, 298.438
70, 292.719
71, 303.375
72, 304.219
73, 290.25
74, 296.188
75, 291.438
76, 304.469
