0, 1622.56
1, 1616.3
2, 1613.21
3, 1616.76
4, 1614.32
5, 1610.95
6, 1608.63
7, 1610.91
8, 1611.77
9, 1609.06
10, 1615.14
11, 1615.01
12, 1613.24
13, 1609.37
14, 1611.44
15, 1610.63
16, 1613.42
17, 1608.54
18, 1604.3
19, 1611.42
20, 1612.38
21, 1610.84
22, 1615.62
23, 1612.71
24, 1616.72
25, 1621.22
26, 1615.53
27, 1614.46
28, 1611.7
29, 1608.34
30, 1610.79
31, 1607.64
32, 1614.05
33, 1611.27
34, 1614.26
35, 1607.89
36, 1609.26
37, 1604.95
38, 1614.05
39, 1612.32
40, 1612.91
41, 1614.88
42, 1609.36
43, 1609.63
44, 1612.21
45, 1611.85
46, 1609.02
47, 1616.47
48, 1614.97
49, 1607.99
50, 1611.41
51, 1611.85
52, 1610.15
53, 1614.81
54, 1609.37
55, 1609.74
56, 1601.24
57, 1603.79
58, 1600.37
59, 1608.42
60, 1607.42
61, 1604.14
62, 1602.92
63, 1600.72
64, 1597.47
65, 1598.54
66, 1596.95
67, 1597.02
68, 1595.71
69, 1603.19
70, 1593.66
71, 1598.48
72, 1592.65
73, 1590.63
74, 1592.18
75, 1591.14
76, 1599.22
77, 1593.89
78, 1595.45
79, 1592.43
80, 1590.76
81, 1591.4
82, 1593.71
83, 1592.44
84, 1590.98
85, 1597.36
86, 1596.22
87, 1598.14
88, 1597.3
89, 1598.64
90, 1600.5
91, 1599.46
92, 1602.77
93, 1602.23
94, 1604.55
95, 1605.42
96, 1608.48
97, 1604.96
98, 1609.16
99, 1599.1
100, 1602.74
101, 1600.65
102, 1599.05
103, 1605.88
104, 1616.14
105, 1618.53
106, 1613.95
107, 1622.64
108, 1630.21
109, 1632.93
110, 1634.3
111, 1646.26
112, 1651.99
113, 1666.78
114, 1681.93
115, 1703.56
116, 1718.54
117, 1725.33
118, 1715.28
119, 1667.71
120, 1594.3
121, 1478.36
122, 1334.98
123, 1167.7
124, 989.399
125, 819.288
126, 667.091
127, 543.115
128, 453.955
129, 399.86
130, 365.486
131, 350.049
132, 343.391
133, 341.481
134, 339.391
135, 335.667
136, 330.165
137, 329.136
138, 321.827
139, 322.963
140, 321.247
141, 318.728
142, 319.807
143, 317.889
144, 315.333
145, 311.453
146, 309.535
147, 307.181
148, 304.449
149, 302.449
150, 298.757
151, 297.724
152, 291.128
153, 290.317
154, 292.033
155, 291.214
156, 291.72
157, 290.095
158, 290.165
159, 285.49
160, 284.819
161, 286.255
162, 286.72
163, 283.091
164, 281.42
165, 282.42
166, 283.872
167, 279.111
168, 282.658
169, 278.835
170, 279.374
171, 282.123
172, 277.807
173, 278.296
174, 281.14
175, 278.111
176, 276.021
177, 277.716
178, 277.444
179, 276.086
180, 277.922
181, 274.28
182, 274.584
183, 274.082
184, 275.123
185, 274.576
186, 274.3
187, 273.881
188, 270.65
189, 272.177
190, 270.626
191, 270.947
192, 275.613
193, 268.016
194, 271.399
195, 270.494
196, 270.202
197, 270.922
198, 267.51
199, 268.749
200, 268.14
201, 268.658
202, 265.984
203, 265.263
204, 264.128
205, 266.473
206, 268.086
207, 266.444
208, 266.86
209, 266.066
210, 262.395
211, 264.831
212, 265.049
213, 265.062
214, 263.617
215, 262.765
216, 262.173
217, 258.955
218, 259.914
219, 260.979
220, 259.016
221, 260.202
222, 260.099
223, 259.181
224, 261.58
225, 257.626
226, 256.226
227, 256.597
228, 257.926
229, 255.28
230, 258.074
231, 255.058
232, 256.354
233, 253.527
234, 253.436
235, 254.486
236, 253.757
237, 254.276
