0, 2533
1, 2519.66
2, 2515.41
3, 2521.81
4, 2530.31
5, 2531.69
6, 2526.25
7, 2508.47
8, 2511.66
9, 2516.78
10, 2525.72
11, 2538.72
12, 2529.56
13, 2531.94
14, 2520.63
15, 2512.22
16, 2512.13
17, 2527.53
18, 2502.31
19, 2483.06
20, 2492.44
21, 2475.94
22, 2458.69
23, 2415.03
24, 2396.38
25, 2353.38
26, 2306.34
27, 2262.72
28, 2211.31
29, 2144.59
30, 2070.84
31, 2004.59
32, 1946.5
33, 1841.69
34, 1757.47
35, 1701.28
36, 1642.34
37, 1597.53
38, 1555.94
39, 1532.66
40, 1516.22
41, 1476.63
42, 1437.53
43, 1384.06
44, 1340.63
45, 1291.66
46, 1264.13
47, 1246.94
48, 1236.25
49, 1206.66
50, 1202
51, 1196
52, 1189.75
53, 1183.41
54, 1180.47
55, 1178.84
56, 1162.75
57, 1177.34
58, 1174.34
59, 1173.44
60, 1174.53
61, 1172.13
62, 1167.31
63, 1165.06
64, 1159.88
65, 1166.09
66, 1168.44
67, 1164.63
68, 1160.94
69, 1157.88
70, 1155.16
71, 1159.59
72, 1159.5
73, 1161.13
74, 1158.09
75, 1163.47
76, 1160.16
